c PicoSAT SAT Solver Version 965
c Copyright (c) 2006 - 2014 Armin Biere JKU Linz
c gcc -g -O2 -fdebug-prefix-map=/build/picosat-jdRevn/picosat-965=. -fstack-protector-strong -Wformat -Werror=format-security
c
c using 2 as default phase
c
c parsing infile.cnf
c parsed header 'p cnf 3880 148669'
c initialized 3880 variables
c found 148669 non trivial clauses
c
c random number generator seed 0
c 
c  seconds     variables   original    learned     agility
c         level        used      conflicts    limit          MB
c 
c s   0.1   0.0  3880   0.0 37850     0     0     0   0.0   4.6 
c 
c initial reduction limit 1000 clauses
c 
c +   0.1 592.2  3880  16.5 37850   100   100  1100   4.6   4.8 
c R   0.1 592.2  3880  16.5 37850   101   101  1100   4.6   4.8 
c +   0.1 443.2  3880  31.6 37850   221   221  1210   4.3   4.9 
c +   0.1 420.3  3880  32.7 37850   367   367  1331   4.5   5.1 
c R   0.1 416.6  3880  34.7 37850   403   403  1331   3.6   5.1 
c +   0.1 362.3  3880  39.5 37850   543   543  1464   6.4   5.3 
c +   0.2 338.1  3880  43.2 37850   755   755  1610   5.0   5.5 
c +   0.2 371.3  3880  45.7 37850  1011  1011  1771   4.1   5.8 
c R   0.2 373.8  3880  46.8 37850  1203  1203  1771   6.0   6.2 
c +   0.2 365.9  3880  47.3 37850  1320  1320  1948   4.1   6.3 
c +   0.3 349.2  3880  49.4 37850  1693  1693  2142   5.7   6.9 
c +   0.3 330.4  3880  50.4 37850  2144  2144  2356   5.2   7.5 
c +   0.4 330.0  3880  51.5 37850  2689  1499  2591   4.6   6.4 
c R   0.4 332.7  3880  51.5 37850  3216  2026  2591   4.6   7.2 
c +   0.5 327.4  3880  51.5 37850  3348  2158  2850   5.2   7.5 
c +   0.6 330.3  3880  52.8 37850  4145  1513  3135   4.8   6.1 
c +   0.7 337.4  3880  53.0 37850  5109  2477  3448   6.8   8.2 
c +   0.8 345.9  3880  53.1 37850  6275  1907  3792   5.8   6.5 
c +   0.9 343.3  3880  53.1 37850  7685  3317  4171   6.3   8.7 
c R   1.0 341.7  3880  53.1 37850  8030  3662  4171   6.2   9.1 
c 
c  seconds     variables   original    learned     agility
c         level        used      conflicts    limit          MB
c 
c +   1.1 333.9  3880  53.3 37850  9391  2920  4588   5.4   7.9 
c +   1.3 320.5  3880  53.4 37850 11455  2672  5046   5.5   7.2 
c +   1.6 330.3  3880  53.5 37850 13952  2640  5550   6.1   6.9 
c +   2.0 348.5  3880  53.5 37850 16973  2871  6105   6.2   7.0 
c R   2.4 352.9  3880  53.5 37850 19270  5168  6105   6.0  12.8 
c +   2.5 355.0  3880  53.5 37850 20628  3460  6715   4.4   7.8 
c +   3.0 355.3  3880  53.5 37850 25050  4516  7386   5.5   9.3 
c +   3.7 354.5  3880  53.5 37850 30400  6164  8124   7.4  12.6 
c +   4.4 360.9  3880  53.5 37850 36873  4485  8936   5.0   8.6 
c +   5.3 358.9  3880  53.6 37850 44705  7838  9829   3.0  14.9 
c R   5.3 358.8  3880  53.6 37850 44936  8069  9829   3.5  15.4 
c +   6.4 351.8  3880  53.6 37850 54181  7467 10811   4.5  14.0 
c +   8.0 352.2  3880  53.6 37850 65646  8086 11892   4.1  14.6 
c +   9.4 353.1  3880  53.6 37850 79518 10043 13081   5.6  18.6 
c +  11.4 363.1  3880  53.6 37850 96303  7161 14389   4.3  11.0 
c R  12.2 364.0  3880  53.6 37850 102e3 13572 14389   5.7  27.1 
c +  13.5 359.6  3880  53.6 37850 116e3 13064 15827   6.5  22.9 
c +  16.0 361.6  3880  53.6 37850 141e3 13866 17409   7.2  24.8 
c +  19.2 359.7  3880  53.8 37850 170e3  8718 19149   4.2  11.5 
c +  23.4 354.7  3880  53.8 37850 206e3 15904 21063   6.5  26.5 
c R  26.6 357.7  3880  53.8 37850 231e3 18946 21063   6.0  31.9 
c +  28.7 356.6  3880  53.8 37850 250e3 17267 23169   6.7  28.6 
c 
c  seconds     variables   original    learned     agility
c         level        used      conflicts    limit          MB
c 
c +  34.8 355.0  3880  53.8 37850 303e3 11927 25485   5.1  14.3 
c +  42.6 358.8  3880  53.8 37850 366e3 24542 28033   6.2  40.9 
c +  52.7 359.7  3880  53.8 37850 443e3 17443 30836   5.0  23.1 
c R  64.0 358.3  3880  53.8 37850 513e3 24937 30836   7.3  39.8 
c +  67.1 356.3  3880  53.8 37850 537e3 18078 33919   6.1  21.9 
c +  83.0 357.2  3880  53.8 37850 650e3 29137 37310   5.6  46.2 
c + 104.1 357.6  3880  53.9 37850 786e3 35058 41041   3.8  60.3 
c + 130.5 358.4  3880  54.0 37850 952e3 36100 45145   7.1  63.0 
c R 170.2 364.4  3880  54.0 37850 112e4 32256 45145   4.0  48.6 
c + 174.2 364.1  3880  54.1 37850 115e4 32748 49659   3.2  49.1 
c + 222.0 367.1  3880  54.2 37850 139e4 26224 54624   3.4  26.2 
c + 291.0 368.7  3880  54.3 37850 168e4 45746 60086   7.2  71.7 
c + 368.4 367.6  3880  54.5 37850 204e4 39306 66094   4.8  50.8 
c R 493.8 367.1  3880  54.5 37850 246e4 64149 66094   4.3 104.4 
c + 495.8 367.1  3880  54.5 37850 246e4 38104 72703   6.0  42.2 
c + 655.5 366.5  3880  54.6 37850 298e4 47727 79973   4.2  60.6 
c + 827.5 367.7  3880  54.8 37850 361e4 75374 87970   4.3 126.5 
c + 109e1 369.7  3880  55.1 37850 437e4 86780 96767   4.3 149.4 
c + 138e1 364.9  3880  55.1 37850 529e4 85985 106e3   8.5 125.1 
c R 140e1 364.6  3880  55.1 37850 533e4 73424 106e3   5.3  86.6 
